42: 42,10,42,47,40 AND 42,28,12,18,4 AND 42,47,8,6,1 AND 42,10,26,10,42 AND 42,29,0,16,15 AND 42,28,12,26,23 AND 42,29,14,3,32 AND 42,28,40,48,49 AND 42,10,24,33,24 AND 42,10,24,33,24 AND 42,47,5,47,25 AND 42,47,5,47,25 AND 42,47,25,6,46 AND 42,10,14,37,41 AND 42,29,11,41,37 AND 
41: 41,11,29,43,30 AND 41,11,0,21,29 AND 41,11,36,20,35 AND 41,33,41,23,27 AND 41,11,49,7,25 AND 41,37,21,30,27 AND 41,11,41,37,41 AND 41,33,48,33,12 AND 41,33,48,49,23 AND 41,33,48,49,23 AND 41,11,29,18,29 AND 41,11,29,18,29 AND 41,11,41,23,26 AND 41,33,12,9,40 AND 41,37,45,34,45 AND 
40: 40,9,22,31,22 AND 40,44,40,47,25 AND 40,9,12,28,40 AND 40,44,40,44,38 AND 40,48,3,5,27 AND 40,49,23,41,11 AND 40,48,49,31,49 AND 40,28,40,48,49 AND 40,47,10,24,34 AND 40,47,10,24,34 AND 40,9,32,16,39 AND 40,9,32,16,39 AND 40,38,36,20,19 AND 40,28,40,38,16 AND 40,44,38,16,14 AND 
38: 38,36,38,39,47 AND 38,40,47,40,47 AND 38,39,16,38,39 AND 38,40,44,38,44 AND 38,2,38,40,48 AND 38,44,38,39,38 AND 38,44,38,2,18 AND 38,49,32,12,43 AND 38,36,20,5,16 AND 38,36,20,5,16 AND 38,2,27,25,21 AND 38,2,27,25,21 AND 38,40,38,16,0 AND 38,2,24,11,18 AND 38,44,38,16,14 AND 
39: 39,47,42,47,40 AND 39,16,32,12,31 AND 39,24,34,45,15 AND 39,47,25,26,12 AND 39,38,36,38,2 AND 39,38,2,35,20 AND 39,38,40,49,20 AND 39,43,0,43,0 AND 39,24,33,24,34 AND 39,24,33,24,34 AND 39,4,30,18,29 AND 39,4,30,18,29 AND 39,24,11,18,12 AND 39,38,40,38,16 AND 39,4,39,4,30 AND 
36: 36,11,29,43,30 AND 36,20,27,5,47 AND 36,11,36,20,35 AND 36,38,39,4,30 AND 36,20,49,7,25 AND 36,38,2,35,20 AND 36,38,40,49,20 AND 36,11,29,34,0 AND 36,11,13,9,22 AND 36,11,13,9,22 AND 36,20,27,25,21 AND 36,20,27,25,21 AND 36,20,5,27,2 AND 36,20,5,12,18 AND 36,38,49,11,36 AND 
37: 37,21,0,43,30 AND 37,23,31,49,20 AND 37,14,8,6,1 AND 37,41,11,36,38 AND 37,14,16,14,11 AND 37,49,23,41,11 AND 37,23,49,31,49 AND 37,14,29,34,0 AND 37,41,33,24,34 AND 37,41,33,24,34 AND 37,21,30,18,29 AND 37,21,30,18,29 AND 37,1,6,12,9 AND 37,48,33,41,11 AND 37,26,7,45,34 AND 
34: 34,8,22,31,22 AND 34,8,34,8,22 AND 34,0,21,6,1 AND 34,24,34,45,34 AND 34,45,7,25,26 AND 34,45,8,6,26 AND 34,0,34,8,34 AND 34,24,25,27,18 AND 34,29,11,24,34 AND 34,29,11,24,34 AND 34,8,34,0,42 AND 34,8,34,0,42 AND 34,8,47,25,27 AND 34,0,29,11,18 AND 34,29,11,41,37 AND 
35: 35,20,19,20,36 AND 35,2,18,12,31 AND 35,20,27,30,42 AND 35,2,27,20,49 AND 35,20,49,7,25 AND 35,2,24,25,27 AND 35,2,18,30,27 AND 35,2,27,28,42 AND 35,20,27,28,12 AND 35,20,27,28,12 AND 35,20,27,25,21 AND 35,20,27,25,21 AND 35,20,5,27,2 AND 35,2,24,11,18 AND 35,2,6,8,6 AND 
32: 32,49,20,49,23 AND 32,9,6,12,31 AND 32,12,48,3,48 AND 32,3,5,3,48 AND 32,26,0,16,15 AND 32,12,18,29,43 AND 32,9,13,5,46 AND 32,49,32,12,43 AND 32,49,48,49,23 AND 32,49,48,49,23 AND 32,12,48,3,32 AND 32,12,48,3,32 AND 32,16,0,42,28 AND 32,16,43,1,37 AND 32,16,38,16,14 AND 
33: 33,12,31,22,8 AND 33,24,23,24,23 AND 33,48,37,7,25 AND 33,48,12,9,6 AND 33,48,3,5,27 AND 33,12,18,29,43 AND 33,48,49,31,49 AND 33,41,11,18,4 AND 33,48,49,11,24 AND 33,48,49,11,24 AND 33,48,33,24,10 AND 33,48,33,24,10 AND 33,12,32,49,8 AND 33,48,33,41,11 AND 33,48,3,5,12 AND 
31: 31,49,20,49,23 AND 31,23,31,49,20 AND 31,39,16,38,39 AND 31,22,8,15,46 AND 31,12,32,26,12 AND 31,49,23,41,11 AND 31,39,43,12,26 AND 31,22,9,40,9 AND 31,39,43,0,43 AND 31,39,43,0,43 AND 31,22,8,6,12 AND 31,22,8,6,12 AND 31,39,24,11,24 AND 31,22,31,23,41 AND 31,39,43,1,37 AND 
30: 30,18,4,25,7 AND 30,42,30,21,29 AND 30,4,47,8,15 AND 30,27,5,3,48 AND 30,43,30,21,6 AND 30,43,29,14,37 AND 30,27,5,16,43 AND 30,43,0,43,0 AND 30,27,17,8,15 AND 30,27,17,8,15 AND 30,4,30,18,29 AND 30,4,30,18,29 AND 30,4,18,2,35 AND 30,21,37,23,41 AND 30,42,30,18,29 AND 
25: 25,11,29,43,30 AND 25,29,25,26,0 AND 25,7,43,1,46 AND 25,7,49,20,49 AND 25,11,49,7,25 AND 25,7,5,3,48 AND 25,43,39,4,25 AND 25,6,8,14,16 AND 25,27,17,8,15 AND 25,27,17,8,15 AND 25,43,25,29,30 AND 25,43,25,29,30 AND 25,27,14,11,24 AND 25,11,36,38,16 AND 25,43,29,11,36 AND 
26: 26,25,7,25,7 AND 26,0,29,30,21 AND 26,0,21,6,1 AND 26,23,26,10,42 AND 26,0,43,29,11 AND 26,37,21,30,27 AND 26,37,21,25,4 AND 26,0,26,23,24 AND 26,10,24,33,24 AND 26,10,24,33,24 AND 26,7,5,47,25 AND 26,7,5,47,25 AND 26,10,47,25,27 AND 26,12,33,41,11 AND 26,12,32,26,32 AND 
27: 27,17,27,5,12 AND 27,28,12,18,4 AND 27,14,8,6,1 AND 27,25,29,43,30 AND 27,28,12,9,6 AND 27,30,21,30,27 AND 27,23,49,31,49 AND 27,28,40,48,49 AND 27,17,27,28,12 AND 27,17,27,28,12 AND 27,30,21,25,21 AND 27,30,21,25,21 AND 27,30,4,47,17 AND 27,5,13,5,16 AND 27,28,42,30,18 AND 
28: 28,40,28,42,30 AND 28,12,28,42,10 AND 28,27,20,36,11 AND 28,12,6,1,43 AND 28,40,28,42,30 AND 28,40,44,40,28 AND 28,42,0,43,7 AND 28,27,25,27,18 AND 28,40,38,39,43 AND 28,40,38,39,43 AND 28,27,20,49,31 AND 28,27,20,49,31 AND 28,27,14,11,24 AND 28,40,47,39,31 AND 28,40,28,27,2 AND 
21: 21,30,29,43,30 AND 21,37,1,46,19 AND 21,29,25,43,15 AND 21,6,8,15,46 AND 21,30,43,29,11 AND 21,25,47,39,38 AND 21,0,34,8,34 AND 21,0,26,23,24 AND 21,25,29,18,30 AND 21,25,29,18,30 AND 21,25,11,24,10 AND 21,25,11,24,10 AND 21,25,4,47,17 AND 21,6,46,37,41 AND 21,29,11,41,37 AND 
22: 22,31,39,43,30 AND 22,8,34,8,22 AND 22,8,14,3,48 AND 22,31,49,20,49 AND 22,9,6,12,31 AND 22,9,32,26,23 AND 22,8,49,31,49 AND 22,31,12,43,0 AND 22,9,12,26,23 AND 22,9,12,26,23 AND 22,9,32,16,39 AND 22,9,32,16,39 AND 22,8,47,25,27 AND 22,9,22,8,15 AND 22,9,6,8,6 AND 
23: 23,26,6,1,43 AND 23,26,10,47,25 AND 23,49,40,28,40 AND 23,49,38,2,49 AND 23,26,0,16,15 AND 23,37,21,30,27 AND 23,27,5,16,43 AND 23,49,32,12,43 AND 23,24,33,24,34 AND 23,24,33,24,34 AND 23,31,49,37,14 AND 23,31,49,37,14 AND 23,26,37,21,0 AND 23,37,14,37,41 AND 23,26,7,45,34 AND 
24: 24,2,6,1,43 AND 24,11,0,21,29 AND 24,34,24,10,14 AND 24,34,29,43,30 AND 24,11,49,7,25 AND 24,10,26,6,26 AND 24,23,49,31,49 AND 24,10,26,23,24 AND 24,2,18,2,35 AND 24,2,18,2,35 AND 24,10,24,39,43 AND 24,10,24,39,43 AND 24,25,4,47,17 AND 24,34,0,21,30 AND 24,11,29,11,36 AND 
29: 29,0,43,7,43 AND 29,21,6,12,31 AND 29,14,8,6,1 AND 29,30,18,2,49 AND 29,30,43,29,11 AND 29,43,29,14,37 AND 29,14,37,1,6 AND 29,43,0,43,0 AND 29,25,29,18,30 AND 29,25,29,18,30 AND 29,43,25,29,30 AND 29,43,25,29,30 AND 29,18,30,4,39 AND 29,18,29,11,18 AND 29,43,29,11,36 AND 
0: 0,11,29,43,30 AND 0,11,0,21,29 AND 0,16,15,46,25 AND 0,21,37,46,6 AND 0,29,0,16,15 AND 0,43,29,14,37 AND 0,21,30,42,29 AND 0,29,42,30,42 AND 0,42,28,27,18 AND 0,42,28,27,18 AND 0,21,30,18,29 AND 0,21,30,18,29 AND 0,34,0,42,28 AND 0,26,12,9,40 AND 0,34,0,42,28 AND 
6: 6,12,31,22,8 AND 6,12,28,42,10 AND 6,1,37,7,25 AND 6,2,27,20,49 AND 6,46,15,45,7 AND 6,1,6,46,37 AND 6,12,31,23,41 AND 6,46,1,37,26 AND 6,26,0,34,8 AND 6,26,0,34,8 AND 6,1,37,7,45 AND 6,1,37,7,45 AND 6,21,37,21,0 AND 6,25,6,9,40 AND 6,1,6,8,6 AND 
5: 5,16,0,43,30 AND 5,27,20,27,23 AND 5,7,43,1,46 AND 5,12,6,1,43 AND 5,16,43,29,11 AND 5,27,14,37,7 AND 5,7,37,1,6 AND 5,20,49,32,49 AND 5,7,37,49,23 AND 5,7,37,49,23 AND 5,7,5,47,25 AND 5,7,5,47,25 AND 5,16,0,42,28 AND 5,46,37,23,41 AND 5,3,32,26,32 AND 
8: 8,47,42,47,40 AND 8,14,11,41,23 AND 8,22,8,6,1 AND 8,17,18,2,49 AND 8,17,8,47,17 AND 8,15,46,6,26 AND 8,15,45,7,26 AND 8,47,25,27,18 AND 8,47,10,24,34 AND 8,47,10,24,34 AND 8,14,37,7,45 AND 8,14,37,7,45 AND 8,45,8,45,34 AND 8,45,34,29,34 AND 8,34,0,42,28 AND 
7: 7,43,7,25,7 AND 7,49,8,6,46 AND 7,25,43,1,46 AND 7,25,29,43,30 AND 7,37,23,24,23 AND 7,45,8,6,26 AND 7,5,27,25,4 AND 7,26,25,27,18 AND 7,49,48,49,23 AND 7,49,48,49,23 AND 7,45,37,7,45 AND 7,45,37,7,45 AND 7,43,16,0,29 AND 7,25,6,9,40 AND 7,37,45,34,45 AND 
2: 2,18,4,25,7 AND 2,35,2,49,20 AND 2,35,20,36,11 AND 2,24,34,45,34 AND 2,49,7,25,26 AND 2,24,34,8,34 AND 2,38,40,49,20 AND 2,6,8,14,16 AND 2,27,17,8,15 AND 2,27,17,8,15 AND 2,18,27,25,21 AND 2,18,27,25,21 AND 2,18,30,4,39 AND 2,27,18,29,34 AND 2,18,30,18,29 AND 
1: 1,37,49,2,6 AND 1,43,12,18,4 AND 1,43,7,45,15 AND 1,43,25,26,12 AND 1,46,15,45,7 AND 1,6,8,6,26 AND 1,37,21,25,4 AND 1,46,1,37,26 AND 1,37,48,49,23 AND 1,37,48,49,23 AND 1,46,6,26,25 AND 1,46,6,26,25 AND 1,46,19,46,5 AND 1,37,14,37,41 AND 1,37,45,34,45 AND 
4: 4,39,47,39,47 AND 4,30,21,25,47 AND 4,18,17,18,4 AND 4,30,18,2,49 AND 4,16,43,29,11 AND 4,18,12,26,23 AND 4,16,4,39,47 AND 4,47,25,27,18 AND 4,30,43,0,43 AND 4,30,43,0,43 AND 4,30,21,25,21 AND 4,30,21,25,21 AND 4,47,25,6,46 AND 4,16,43,1,37 AND 4,47,42,30,18 AND 
3: 3,32,49,2,6 AND 3,48,3,5,47 AND 3,32,49,11,29 AND 3,48,12,9,6 AND 3,48,3,5,27 AND 3,5,13,5,27 AND 3,48,49,31,49 AND 3,14,29,34,0 AND 3,32,49,11,24 AND 3,32,49,11,24 AND 3,5,3,5,13 AND 3,5,3,5,13 AND 3,32,9,32,16 AND 3,48,33,41,11 AND 3,14,3,5,12 AND 
9: 9,22,31,22,8 AND 9,22,9,40,47 AND 9,6,9,13,9 AND 9,6,8,15,46 AND 9,13,5,47,17 AND 9,12,18,29,43 AND 9,6,26,7,26 AND 9,13,11,18,4 AND 9,6,1,43,0 AND 9,6,1,43,0 AND 9,13,11,24,10 AND 9,13,11,24,10 AND 9,40,38,16,0 AND 9,13,11,36,38 AND 9,6,1,37,48 AND 
19: 19,46,19,20,36 AND 19,46,6,12,31 AND 19,46,5,12,26 AND 19,20,15,16,5 AND 19,46,15,45,7 AND 19,46,25,7,43 AND 19,46,25,11,14 AND 19,46,1,37,26 AND 19,20,27,28,12 AND 19,20,27,28,12 AND 19,20,27,25,21 AND 19,20,27,25,21 AND 19,20,5,27,2 AND 19,20,5,12,18 AND 19,46,37,1,37 AND 
18: 18,4,30,18,29 AND 18,4,39,4,47 AND 18,4,47,8,15 AND 18,29,11,36,38 AND 18,29,0,16,15 AND 18,29,43,0,34 AND 18,12,31,23,41 AND 18,30,43,15,16 AND 18,12,28,27,18 AND 18,12,28,27,18 AND 18,29,30,18,29 AND 18,29,30,18,29 AND 18,27,14,11,24 AND 18,29,43,1,37 AND 18,17,8,22,8 AND 
15: 15,20,19,20,36 AND 15,16,32,12,31 AND 15,45,37,7,25 AND 15,20,15,16,5 AND 15,45,7,25,26 AND 15,46,25,7,43 AND 15,46,25,11,14 AND 15,46,1,37,26 AND 15,8,34,0,43 AND 15,8,34,0,43 AND 15,16,15,20,15 AND 15,16,15,20,15 AND 15,46,19,46,5 AND 15,20,5,12,18 AND 15,20,49,11,36 AND 
14: 14,37,49,2,6 AND 14,27,20,27,23 AND 14,16,15,46,25 AND 14,8,49,20,49 AND 14,27,25,4,39 AND 14,10,26,6,26 AND 14,29,14,3,32 AND 14,37,21,37,26 AND 14,27,17,8,15 AND 14,27,17,8,15 AND 14,16,15,20,15 AND 14,16,15,20,15 AND 14,11,41,23,26 AND 14,16,43,1,37 AND 14,10,14,8,6 AND 
17: 17,27,17,47,40 AND 17,8,34,8,22 AND 17,18,17,18,4 AND 17,18,11,36,38 AND 17,18,4,47,17 AND 17,47,8,6,26 AND 17,8,49,31,49 AND 17,27,25,27,18 AND 17,27,17,8,15 AND 17,27,17,8,15 AND 17,27,20,49,31 AND 17,27,20,49,31 AND 17,47,25,6,46 AND 17,27,18,29,34 AND 17,8,17,18,29 AND 
16: 16,39,47,39,47 AND 16,43,12,18,4 AND 16,5,46,19,46 AND 16,4,25,26,12 AND 16,0,43,29,11 AND 16,39,4,47,17 AND 16,39,43,12,26 AND 16,15,46,37,26 AND 16,0,16,39,43 AND 16,0,16,39,43 AND 16,4,30,18,29 AND 16,4,30,18,29 AND 16,43,16,0,29 AND 16,39,43,1,37 AND 16,15,8,22,8 AND 
11: 11,25,7,25,7 AND 11,29,25,26,0 AND 11,49,40,28,40 AND 11,49,38,2,49 AND 11,18,4,47,17 AND 11,25,47,39,38 AND 11,41,11,49,20 AND 11,14,29,34,0 AND 11,41,33,24,34 AND 11,41,33,24,34 AND 11,41,33,24,10 AND 11,41,33,24,10 AND 11,29,11,18,12 AND 11,29,43,1,37 AND 11,24,39,4,30 AND 
10: 10,26,6,1,43 AND 10,24,23,24,23 AND 10,24,34,45,15 AND 10,24,34,45,34 AND 10,26,0,16,15 AND 10,24,34,8,34 AND 10,47,10,42,29 AND 10,26,25,27,18 AND 10,14,29,18,30 AND 10,14,29,18,30 AND 10,26,7,45,37 AND 10,26,7,45,37 AND 10,42,30,4,39 AND 10,26,12,9,40 AND 10,26,7,45,34 AND 
13: 13,11,29,43,30 AND 13,5,27,5,47 AND 13,9,12,28,40 AND 13,5,27,20,49 AND 13,11,49,7,25 AND 13,11,49,37,7 AND 13,5,27,25,4 AND 13,5,27,28,42 AND 13,11,13,9,22 AND 13,11,13,9,22 AND 13,11,29,18,29 AND 13,11,29,18,29 AND 13,5,20,5,46 AND 13,5,13,5,16 AND 13,5,7,45,34 AND 
12: 12,33,41,37,41 AND 12,33,12,18,4 AND 12,43,7,45,15 AND 12,26,25,26,12 AND 12,32,9,22,31 AND 12,6,8,6,26 AND 12,28,42,28,40 AND 12,31,12,43,0 AND 12,43,15,8,15 AND 12,43,15,8,15 AND 12,32,49,37,14 AND 12,32,49,37,14 AND 12,48,37,21,0 AND 12,28,40,38,16 AND 12,31,12,26,32 AND 
43: 43,29,0,43,30 AND 43,12,28,42,10 AND 43,29,25,43,15 AND 43,1,43,39,38 AND 43,0,43,29,11 AND 43,16,0,34,8 AND 43,29,14,3,32 AND 43,0,26,23,24 AND 43,29,11,24,34 AND 43,29,11,24,34 AND 43,1,37,7,45 AND 43,1,37,7,45 AND 43,25,4,47,17 AND 43,15,8,47,42 AND 43,25,7,45,34 AND 
44: 44,40,28,42,30 AND 44,38,16,32,3 AND 44,40,49,11,29 AND 44,40,44,38,44 AND 44,38,36,38,2 AND 44,38,2,35,20 AND 44,38,40,49,20 AND 44,40,38,16,4 AND 44,40,38,39,43 AND 44,40,38,39,43 AND 44,40,48,3,32 AND 44,40,48,3,32 AND 44,40,38,16,0 AND 44,38,40,38,16 AND 44,40,28,27,2 AND 
45: 45,7,5,20,36 AND 45,7,45,8,22 AND 45,34,24,10,14 AND 45,15,8,15,46 AND 45,15,8,47,17 AND 45,34,0,34,8 AND 45,7,37,1,6 AND 45,7,49,32,49 AND 45,7,37,49,23 AND 45,7,37,49,23 AND 45,37,49,37,14 AND 45,37,49,37,14 AND 45,37,7,5,46 AND 45,37,14,37,41 AND 45,8,17,18,29 AND 
20: 20,35,2,6,8 AND 20,15,8,6,46 AND 20,35,20,36,11 AND 20,27,5,3,48 AND 20,35,2,18,11 AND 20,19,46,6,26 AND 20,19,46,37,41 AND 20,35,2,38,40 AND 20,36,20,5,16 AND 20,36,20,5,16 AND 20,5,3,5,13 AND 20,5,3,5,13 AND 20,27,14,11,24 AND 20,15,8,47,42 AND 20,27,14,8,6 AND 
46: 46,37,49,2,6 AND 46,19,46,5,47 AND 46,5,46,19,46 AND 46,25,29,43,30 AND 46,1,37,7,25 AND 46,1,6,46,37 AND 46,1,6,12,26 AND 46,25,29,34,0 AND 46,25,29,18,30 AND 46,25,29,18,30 AND 46,6,21,25,21 AND 46,6,21,25,21 AND 46,5,20,5,46 AND 46,5,13,5,16 AND 46,5,7,45,34 AND 
47: 47,42,30,18,29 AND 47,39,16,32,3 AND 47,5,46,19,46 AND 47,42,30,18,27 AND 47,5,16,14,11 AND 47,39,4,47,17 AND 47,5,27,25,4 AND 47,40,38,16,4 AND 47,40,38,39,43 AND 47,40,38,39,43 AND 47,10,24,39,43 AND 47,10,24,39,43 AND 47,17,18,2,35 AND 47,39,43,1,37 AND 47,39,43,1,37 AND 
48: 48,33,41,37,41 AND 48,12,28,42,10 AND 48,3,14,3,48 AND 48,40,44,38,44 AND 48,33,48,3,48 AND 48,33,41,37,7 AND 48,12,31,23,41 AND 48,33,48,33,12 AND 48,49,48,49,23 AND 48,49,48,49,23 AND 48,12,48,3,32 AND 48,12,48,3,32 AND 48,37,7,5,46 AND 48,49,7,37,41 AND 48,12,32,26,32 AND 
49: 49,40,28,42,30 AND 49,11,0,21,29 AND 49,38,36,20,35 AND 49,2,27,20,49 AND 49,31,12,9,6 AND 49,31,22,31,23 AND 49,40,44,40,49 AND 49,2,27,28,42 AND 49,31,12,26,23 AND 49,31,12,26,23 AND 49,2,27,25,21 AND 49,2,27,25,21 AND 49,11,41,23,26 AND 49,11,36,38,16 AND 49,8,17,18,29 AND 
